$ANSIBLE_VAULT;1.1;AES256
31653161353431646365383435663061633563623139336337366164336238623936326664653361
3533326330653637333662323861633863656135396231340a366461383632616633653330313964
38363839336139333537313238373131636139656136356162343864313963663431666234366662
6565326237323862660a316164663236346162646365653063313030623866323435303061333561
31356230663063613264303663616662396536303637363432386536303639343535386135666361
38306462303338353033663164373734383234613339343038353234353137643034666661656431
31656561353138656133326530313936623536333561643234386537626535313831316437373964
37376136646631376166636139633833646538303364643335353230353866376564366233303336
62373738363164643539356439303932323766613337343933396464613333666337643035383132
39366333363830333334613038386266666133383265343332353662373034373731636162643366
36663436636435383364313663336135626363326631333062333133396637323837383834623736
31666438623738343461653131336637366430373066353864356637363033396536373034363264
61353763663261346161366430306138646639376362396666343962373935393165326366393666
62383366663965326530306633663336656564383539336661393730343262633266343330346633
63316636373332333266336330613934393135613630336139333738623863623636646363613032
62393863343037653635333437373233626138393833643561333639313439316261373631653231
32313533303133306238616364376531623037353937356631366266356237363738343334633338
64363434336130343662343332653766346637656133376430393539313936333937353561366439
32303064616430356635616265343133633435653135653939613737383233653164626434396564
65653433336331316132363836656231326336323035303539633236393063393530393763333434
38343239396537323236336538323437386435353031643030653334643663393865636165653262
63306430643431666366383131643638376332653430316536343739373238613232383238316463
34656464383365663135363462643635383537336532326264366639623938346366316333373335
31353430666666363635393463393232663631353431653137626439383935623134623136303361
62653931633261633135346263336661363866363537346531333734623438363036666133653733
39353366343132393532316161363261336665643065373864613336363135373534383234643463
34666530326635613735626335633736666236366531373335323361323932366664356636623963
39623465326563643633303739316562636533386235643138343932663862323365336435623239
34653038326466383232356438333635336236623765356635306263323432633164386464313239
61613461366630363965313061373730313434353139356234626437313162376136313736343061
35326662376235643034623066383137346261316237663439383264666537366437316433313963
37343233316332396662643862643735343663313062383463333766626666613530336531346533
36353233313234326533393336623235383934386232376539383635623335303034323838666337
61633032646364656233346165616331393735613436396233633462373738666162363934633630
37323130373631393461376238643131396266303439343538333562353930643263366437633239
38616531636637336539346463323235303361316439313037633566323038323437356132663938
36303161333566363433623731306166386461373865353530306230306564356438356664333763
66663834623838393335306138363265396163646466366634666634306139396230393037393938
63316632363334346564303963666537613965623837653865306263313361336533376661336334
34366536333036343466646539636333313733353165323130653731383432616430343064376265
31376564393561636564666266623830333866666638383730353166323134636532303861633230
64373239623564303330643138356265326563653630323239383035313932346365373031366165
32353737666666373136653363336163316635653234656632306631613035646538366233363762
33643762313562343234336133323132326366663039376230303132363263346334303130343335
65373333666435386439363261313861616465373466613932613034306538323037323332653938
37383233653434396437623764316635636561613334666365636234663239316638333635306237
65613461623235663364393332313236313232393738313431336132643631663236316630656330
62626633316565646434653639343334663263663731623562646464343639343430353534636338
38353937616439356539663439303239316632666238613935663365313362313931
